29,4
29,3
29,2
29,1
29,0
0,278
0,389
0,388
0,387
0,386
0,385
0,384
28,5
28,4
28,3
28,2
28,1
28,0
27,3
27,2
27,1
27,0
0,319
0,318
26,3
26,2
26,1
26,0
25,4
25,3
25,2
25,1
25,0
0,317
0,316
0,283
24,4
24,3
24,2
0,9
24,1
24,0
23,52
23,51
23,50
23,49
23,48
23,47
23,46
23,45
23,44
23,43
23,42
23,41
23,40
23,39
23,38
23,37
23,36
23,35
3,2
10,96
10,124
10,78
10,180
10,2
10,3
11,18
11,13
11,10
11,12
11,11
11,6
11,14
11,2
11,3
9,4
9,6
9,2
9,3
8,5
8,4
8,7
8,11
8,2
8,3
12,2
12,1
12,3
20,2
20,1
20,3
19,2
19,1
19,3
18,1
18,3
14,1
14,3
13,1
13,3
2,2
2,1
2,3
11,30
11,29
11,28
11,27
11,26
11,25
11,24
11,23
11,22
11,1
11,21
10,317
10,316
10,315
10,314
10,313
10,312
10,311
10,310
10,309
10,308
